160

637) 64. D1048 411 4,.(Ρ4111
4Έι11611.33.)[39]
638)64 6..0666 b 6 1,66-74.
Frontin. 1, 8,.9 [49]
639) 64. cio. 664 46111. 10, 30

11116611. 119, App 16114

6 3 ,66.sq 610 46 37. [43]

640) ex 0666. b. 6. 4,40-44.
441644414411 [444]ο 2 4⁶

641) 64.Ρ64]6611.1, 19. Conon 611)6

narrat. 39.
644) 64. Xenoph. Hell. 4,8,

34 sq. (Polyaen 3, 9 ,44)

[666-666]
644) 64. Polyaen. 1, 40, 9. Xe·
1114114. ²29 999

16,1ο. [116]
647) 64. Polyaen. 3,10,6. 14.
16. [611]

ΙΙ, 6:

ſs)

64424114)1 66114, 1, 19. Ρ4111.

4366144118 [394]

CONSPEOTVS LOCORVM.

Poly 6611 6,16,.7 16111

> 6,16. [661]

66) (64 0166. 6,,43 14) )[16]

46) [4⁰9]

67) 6114111 41, 43. [416]

69) 64. Ρ6166611. 7,4,.-17
641161 Nep. 3646111--6Ι
611161141611611691. [661]

610) 64. Liu. 4, 64, 6-7. Die*

1116611166]

644111. 4, 46-47. Dionys.

6,.11 [116]

614) 64. 44614 3, 7-10. 4411
1161. 18. 61166141. reg. 61
imp. Marii 4 [104]

613) (64.]016.11611111.1,34,644

61114161]

ΙΙ, 8:

61) (64. Dionys. 3, 66.)

16) 611166166-11. 116)

16) 1111611116. 166. 66. 161

64) 61641666-4 [336]

66) 64. Ρ4111. 46111. 40. 166)

66161116. 6,46-41. 161] .

16166,

68) 6111111. 4, 46-47, ἔξω]

69) 6111116.4,31-33. 64. lor.
1,,116..6 [166]

610) 6411111. 1,3,7,3.

67 6118416447 64. Diony 6. 611)6111.111.10,36-36. 64

6,.16 [1641]
68 64.41111111.4,13,.6 Nep.

Τ416111.6,.1 Ρ6116611.1,
30, 4. 41616161. 8,110.
Ρ1111.Τ416111. 16. Diodor.

11,16. [166]
610) 64. Polyaen. 6, 6, 3.

II, 7:

61) 6111111. 1,47. 6446114161.
7, 4, 1. 41161 de uir. ill. 4.
fflwffi9

6 4)611 Ι1111.49,43-44. 64.

Ρ6611116416111111. 4, 1, 49.

614) 64444461. Sulla 41. Poly-
66118, 9, 4. Appium. 14411411.
49. 4611111611.14616.16,14,
613) 14. 41454166 6,43,16.Ρ1111.

- 0666.66.64[11611...4)64,

161 16116166 [16]
614)(64.Ιι161111.1,,610-13.)
ΙΙ, 9:

66 [102]
64) 64. Liu. 47,61. 41161. de

 

